0.189
0.012
0.011
0.017
0.021
0.016
0.018
0.020
0.026
0.012
0.006
0.012
0.010
0.033
0.013
0.012
0.007
0.009
0.012
0.014
0.021
0.022
0.014
0.014
0.014
0.017
0.009
0.016
0.008
0.009
0.019
0.009
0.016
0.008
0.011
0.023
0.017
0.022
0.016
0.027
0.015
0.029
0.006
0.006
0.011
0.013
0.008
0.010
0.012
0.016
0.029
0.007
0.014
0.015
0.012
0.027
0.010
0.010
0.012
0.011
0.017
0.011
0.011
0.010
0.017
0.016
0.007
0.014
0.021
0.009
0.009
0.010
0.014
0.018
0.006
0.027
0.022
0.006
0.009
0.019
0.011
0.011
0.024
0.006
0.010
0.010
0.009
0.008
0.009
0.014
0.009
0.007
0.013
0.018
0.019
0.008
0.019
0.023
0.011
0.015
