0.041
0.015
0.011
0.018
0.027
0.012
0.024
0.026
0.037
0.016
0.007
0.012
0.007
0.046
0.013
0.013
0.011
0.011
0.010
0.019
0.029
0.028
0.019
0.017
0.021
0.024
0.007
0.021
0.009
0.011
0.023
0.009
0.018
0.007
0.011
0.032
0.022
0.028
0.022
0.037
0.017
0.042
0.005
0.005
0.009
0.013
0.009
0.012
0.011
0.020
0.041
0.007
0.016
0.015
0.012
0.039
0.009
0.009
0.015
0.010
0.020
0.009
0.015
0.007
0.023
0.020
0.005
0.014
0.027
0.009
0.009
0.008
0.019
0.022
0.005
0.040
0.029
0.006
0.011
0.023
0.011
0.010
0.037
0.005
0.011
0.012
0.007
0.009
0.011
0.016
0.007
0.008
0.012
0.023
0.028
0.009
0.024
0.029
0.009
0.018
